77702567
77702635
77702636
77702639
77702739
77702840
77702934
77702936
77702937
77702939
77703040
89194320
89194321
89194324
42673697
42673699
76113486
76122956
76123161
76133972
76134271
76134577
76145519
76145721
76162909
76177506
76178431
76189974
76191599
42487919
77692236
77692237
77692243
77692246
77692248
77692252
77692253
77692254
77692440
77694574
77694970
77695365
77700763
77700944
77701123
77701191
77701193
77701194
77701260
77701296
77701298
77701301
77701360
77701400
77701406
77701476
77701499
77701596
77701598
77701599
77701700
77701738
77701795
77702003
77702006
77702008
77702009
77702010
77702014
77702111
77702115
77702117
77702119
77702180
77702218
77702220
77702222
77702318
77702319
77702320
77702326
77702327
77702340
77702384
77702426
77702427
77702428
77702431
77702432
77702530
77702532
77702533
77702534
77702634
77702638
77702838
89194323
89194338
89197263
89198377
89203310
89204007
89204511
89204713
89204715
89204716
89204840
42587610
42590535
42605342
42618665
42623483
42634311
42644874
42650383
42655965
42656169
42659811
42673685
42673694
42673698
42673700
76113487
76113489
76122349
76122883
76124594
76125009
76125014
76125110
76126519
76131595
76131950
76132148
76133163
76133463
76135600
76135799
76135802
76136522
76136928
76142876
76142979
76144190
76144492
76144546
76144796
76144999
76146613
76153540
76153644
76153936
76154140
76155868
76155869
76155873
76156269
76156576
76164758
76168819
76173086
76174308
76174772
76175380
76175779
76176280
76178741
76179352
76180964
76184226
76185596
76187010
76187725
76188125
76188845
76189561
76193803
76194204
77692225
77692226
77692228
77692229
77692230
77692231
77692232
77692233
77692234
77692235
42502775
42513046
42513214
42526915
42529748
42544057
42555212
42570686
42576639
42580775
42582800
