77702567
77702635
77702636
77702639
77702664
77702735
77702739
77702840
77702936
77703040
89194320
89194321
89194324
42673697
42673699
76113486
76113488
76113500
76122551
76122956
76123265
76133972
76134577
76145519
76145721
76162909
76163530
76177506
76178225
76178431
76189974
76191599
42487393
42487919
77692236
77692237
77692244
77692246
77692248
77692252
77692253
77692254
77692440
77694574
77695365
77695564
77700521
77700944
77701123
77701191
77701193
77701194
77701260
89194322
76123888
77701296
77701298
77701301
77701360
77701400
77701406
77701476
77701499
77701500
77701502
77701596
77701598
77701599
77701700
77701795
77701799
77701801
77701904
77701968
77702003
77702006
77702007
77702008
77702009
77702010
77702039
77702041
77702111
77702115
77702117
77702180
77702218
77702220
77702222
77702224
77702318
77702319
77702320
77702326
77702327
77702340
77702427
77702428
77702431
77702530
77702531
77702532
77702533
77702534
77702634
77702732
77702838
77702940
89194323
89194338
89197054
89197263
89204007
89204207
89204511
89204715
89204716
89204840
89204921
89205024
42587610
42590535
42605342
42627290
42629693
42634311
42644874
42649273
42655965
42673674
42673685
42673694
42673698
76113487
76113489
76122349
76122883
76125009
76125014
76125110
76126519
76131837
76131950
76132148
76133163
76133563
76135799
76135802
76136522
76142876
76142979
76144190
76144492
76144546
76144999
76152070
76153936
76155410
76156269
76156576
76157187
76164758
76165881
76166706
76168716
76168819
76173086
76174768
76174772
76175779
76177411
76178741
76179352
76179455
76180964
76184226
76187010
76188125
76188845
76189356
76193803
76194204
77692225
77692226
77692227
77692229
77692230
77692232
77692235
42502775
42503800
42526915
42529748
42549489
42555212
42570686
42576639
42580775
42582800
