77702567
77702636
77702664
77702735
77702840
77702934
77702936
77702937
77702939
89194320
42673697
42673699
76113488
76113500
76122551
76123161
76123265
76134271
76134577
76145519
76145721
76162909
76163530
76177506
76178225
76189974
76191599
42487393
42487919
77692236
77692237
77692243
77692244
77692248
77692252
77692253
77692254
77694574
77694970
77695564
77700521
77700763
77700944
77701191
77701194
77701260
89194322
76123888
77701296
77701301
77701360
77701406
77701500
77701502
77701596
77701598
77701738
77701795
77701799
77701801
77701904
77701968
77702003
77702006
77702007
77702009
77702010
77702014
77702039
77702041
77702111
77702115
77702119
77702180
77702218
77702220
77702222
77702224
77702319
77702326
77702327
77702340
77702384
77702426
77702427
77702428
77702431
77702432
77702530
77702531
77702533
77702634
77702638
77702732
77702838
77702940
89194323
89194338
89197054
89197263
89198377
89203310
89204207
89204713
89204715
89204840
89204921
89205024
42605342
42618665
42623483
42627290
42629693
42634311
42649273
42650383
42656169
42659811
42673674
42673685
42673700
76122883
76124594
76125014
76125110
76126519
76131595
76131837
76133163
76133463
76133563
76135600
76135799
76135802
76136522
76136928
76142876
76142979
76144190
76144492
76144546
76144796
76144999
76146613
76152070
76153540
76153644
76153936
76154140
76155410
76155868
76155869
76155873
76156269
76156576
76157187
76165881
76166706
76168716
76168819
76174308
76174768
76174772
76175380
76175779
76176280
76177411
76178741
76179352
76179455
76180964
76184226
76185596
76187010
76187725
76188845
76189356
76189561
76193803
76194204
77692225
77692227
77692228
77692230
77692231
77692232
77692233
77692234
77692235
42502775
42503800
42513046
42513214
42529748
42544057
42549489
42570686
42576639
42580775
