77702567
77702635
77702639
77702664
77702735
77702739
77702840
77702934
77702936
77702937
77702939
77703040
89194320
89194321
89194324
42673697
76113486
76113488
76113500
76122551
76122956
76123161
76123265
76133972
76134271
76134577
76145519
76145721
76162909
76163530
76178225
76178431
76189974
76191599
42487393
42487919
77692237
77692243
77692244
77692246
77692248
77692252
77692253
77692440
77694970
77695365
77695564
77700521
77700763
77701123
77701193
77701194
77701260
89194322
76123888
77701296
77701298
77701301
77701400
77701476
77701499
77701500
77701502
77701598
77701599
77701700
77701738
77701799
77701801
77701904
77701968
77702007
77702008
77702009
77702010
77702014
77702039
77702041
77702115
77702117
77702119
77702224
77702318
77702320
77702326
77702384
77702426
77702428
77702432
77702531
77702532
77702533
77702534
77702638
77702732
77702838
77702940
89197054
89198377
89203310
89204007
89204207
89204511
89204713
89204715
89204716
89204921
89205024
42587610
42590535
42605342
42618665
42623483
42627290
42629693
42634311
42644874
42649273
42650383
42655965
42656169
42659811
42673674
42673694
42673698
42673700
76113487
76113489
76122349
76122883
76124594
76125009
76125014
76126519
76131595
76131837
76131950
76132148
76133163
76133463
76133563
76135600
76135802
76136928
76142876
76142979
76144492
76144546
76144796
76144999
76146613
76152070
76153540
76153644
76154140
76155410
76155868
76155869
76155873
76156576
76157187
76164758
76165881
76166706
76168716
76168819
76173086
76174308
76174768
76174772
76175380
76176280
76177411
76178741
76179352
76179455
76185596
76187010
76187725
76188125
76189356
76189561
76193803
77692226
77692227
77692228
77692229
77692231
77692233
77692234
42502775
42503800
42513046
42513214
42526915
42544057
42549489
42555212
42570686
42582800
