77702635
77702636
77702639
77702664
77702735
77702739
77702934
77702937
77702939
77703040
89194321
89194324
42673699
76113486
76113488
76113500
76122551
76122956
76123161
76123265
76133972
76134271
76163530
76177506
76178225
76178431
42487393
77692236
77692243
77692244
77692246
77692254
77692440
77694574
77694970
77695365
77695564
77700521
77700763
77700944
77701123
77701191
77701193
89194322
76123888
77701298
77701360
77701400
77701406
77701476
77701499
77701500
77701502
77701596
77701599
77701700
77701738
77701795
77701799
77701801
77701904
77701968
77702003
77702006
77702007
77702008
77702014
77702039
77702041
77702111
77702117
77702119
77702180
77702218
77702220
77702222
77702224
77702318
77702319
77702320
77702327
77702340
77702384
77702426
77702427
77702431
77702432
77702530
77702531
77702532
77702534
77702634
77702638
77702732
77702940
89194323
89194338
89197054
89197263
89198377
89203310
89204007
89204207
89204511
89204713
89204716
89204840
89204921
89205024
42587610
42590535
42618665
42623483
42627290
42629693
42644874
42649273
42650383
42655965
42656169
42659811
42673674
42673685
42673694
42673698
42673700
76113487
76113489
76122349
76124594
76125009
76125110
76131595
76131837
76131950
76132148
76133463
76133563
76135600
76135799
76136522
76136928
76144190
76144796
76146613
76152070
76153540
76153644
76153936
76154140
76155410
76155868
76155869
76155873
76156269
76157187
76164758
76165881
76166706
76168716
76173086
76174308
76174768
76175380
76175779
76176280
76177411
76179455
76180964
76184226
76185596
76187725
76188125
76188845
76189356
76189561
76194204
77692225
77692226
77692227
77692228
77692229
77692230
77692231
77692232
77692233
77692234
77692235
42503800
42513046
42513214
42526915
42529748
42544057
42549489
42555212
42576639
42580775
42582800
